37,0
36,4
36,3
36,2
36,1
36,0
35,5
35,4
35,3
35,2
35,1
35,0
34,5
34,4
34,3
34,2
34,1
34,0
31,7
31,6
31,5
31,4
31,3
31,2
31,1
31,0
28,6
28,5
28,4
28,3
28,2
28,1
28,0
27,5
27,4
27,3
27,2
27,1
27,0
25,7
25,6
25,5
25,4
25,3
25,2
25,1
25,0
20,3
20,2
20,1
20,0
18,4
18,3
18,2
18,1
18,0
17,2
16,3
16,2
16,1
16,0
15,3
15,2
15,1
15,0
4,3
4,2
4,1
4,0
3,6
3,5
3,4
3,3
3,2
3,1
3,0
2,6
2,5
2,4
2,3
2,2
2,1
2,0
1,3
1,2
1,1
1,0
0,436
0,429
0,427
0,424
0,422
0,418
0,414
0,408
0,377
0,363
0,336
0,322
17,1
0,320
17,3
0,243
17,0
40,1
40,3
40,0
0,9
0,310
0,305
0,308
0,304
0,303
0,302
0,307
0,12
0,10
0,8
0,0
0,337
0,300
0,390
0,299
0,447
0,298
0,335
0,297
0,426
0,296
0,398
0,295
0,446
0,294
0,417
0,293
0,387
0,292
0,366
0,291
0,328
0,290
0,329
0,289
0,423
0,288
0,384
0,287
0,388
0,286
0,331
0,285
0,309
0,284
0,325
0,283
0,445
0,282
0,400
0,281
0,437
0,280
0,364
0,279
0,324
0,278
0,327
0,277
0,348
0,276
0,409
0,275
0,444
0,274
37,1
37,2
37,4
38,0
38,2
38,3
39,0
39,2
39,3
39,5
39,6
40,2
42,0
42,1
42,3
42,4
42,5
42,2
40,4
39,7
39,4
39,1
38,4
38,1
37,3
0,425
0,273
0,421
0,272
0,352
0,271
0,443
0,270
0,361
0,269
0,432
0,268
0,399
0,267
0,441
0,266
0,357
0,265
0,360
0,264
0,332
0,263
0,438
0,262
0,371
0,261
0,435
0,260
0,401
0,259
0,319
0,258
0,323
0,257
0,434
0,256
0,330
0,255
0,420
0,254
0,345
0,253
0,383
0,252
0,395
0,251
0,359
0,250
0,385
0,249
0,393
0,248
0,311
0,247
0,315
0,246
0,378
0,245
0,386
0,244
0,362
0,242
0,397
0,241
0,326
0,240
0,239
0,333
0,238
0,343
0,237
0,334
0,236
0,431
0,235
0,404
0,234
0,339
0,233
0,347
0,232
0,430
0,231
0,367
0,230
0,419
0,229
0,353
0,228
0,321
0,227
0,396
0,226
0,415
0,225
0,349
0,224
0,382
0,223
0,379
0,222
0,389
0,221
0,369
0,220
0,428
0,219
0,407
0,218
0,410
0,217
0,301
0,216
0,392
0,215
0,318
0,214
0,406
0,213
0,317
0,212
0,346
0,211
0,316
0,210
0,375
0,209
0,380
0,208
0,442
0,207
0,394
0,206
0,391
0,205
0,376
0,204
0,374
0,203
0,314
0,202
0,373
0,201
0,381
0,200
0,402
0,199
0,416
0,198
0,313
0,197
0,440
0,196
0,351
0,195
0,344
0,194
0,372
0,193
0,358
0,192
0,433
0,63
0,312
0,62
0,370
0,61
0,356
0,60
0,403
0,59
0,355
0,58
0,341
0,57
0,405
0,56
0,340
0,55
0,368
0,54
0,354
0,53
0,413
0,52
0,350
0,51
0,365
0,50
0,306
0,49
0,412
0,48
0,439
0,47
0,411
0,46
0,338
0,45
0,342
0,6
0,5
0,1
0,11
0,4
0,2
0,3
0,7
